3.88522E-07
4.0008E-07
4.40046E-07
4.25709E-07
4.08439E-07
4.53851E-07
4.08528E-07
4.69541E-07
4.333E-07
4.43179E-07
4.64629E-07
4.76834E-07
5.08412E-07
4.59869E-07
4.57866E-07
4.78268E-07
5.29099E-07
4.33043E-07
4.53927E-07
5.4676E-07
5.06636E-07
5.06212E-07
5.02495E-07
5.0559E-07
5.1742E-07
5.2114E-07
4.88103E-07
5.53608E-07
4.89465E-07
4.7078E-07
5.51697E-07
3.42941E-07
4.57119E-07
4.54788E-07
5.25091E-07
5.0506E-07
4.20645E-07
1.24618E-07
7.83681E-09
0
0
0
0
0
0
0
0
0
0
0
0.560637806
0.699321624
0.670405277
0.696730122
0.58774765
0.488499444
0.435320693
0.485743286
0.48400276
0.56537768
0.620465476
0.682345531
0.723605352
0.740647855
0.764929314
0.785841165
0.822112805
0.839296933
0.806693157
0.461287979
0.961537174
1.228280043
1.003141235
1.100309505
1.186665385
1.38180976
1.14169804
0.540107992
1.135108149
1.076003956
1.327357545
1.088717777
1.233834102
1.265544053
1.091506899
1.05764276
0.69542154
1.182512277
0.918680365
1.034759921
1.014100036
1.005355103
1.149225336
1.085507371
1.064016855
1.079878295
1.067675418
1.066446488
1.065499122
0.912550663
0.826704211
0.729324846
0.710736132
0.668361291
0.562156511
0.393997088
0.20437045
0.046190014
1.01119E-09
8.46665E-08
1.40871E-07
1.42404E-07
2.06279E-07
1.98689E-07
1.66849E-07
1.79657E-07
1.61671E-07
1.89316E-07
1.76853E-07
1.63363E-07
2.47531E-07
1.70952E-07
1.76705E-07
2.08355E-07
1.8281E-07
2.14359E-07
1.62554E-07
1.65004E-07
1.85872E-07
1.85402E-07
2.19447E-07
2.20354E-07
2.10781E-07
1.9833E-07
2.11575E-07
2.23954E-07
1.77669E-07
2.13768E-07
2.28423E-07
2.48047E-07
2.13172E-07
1.99323E-07
2.1742E-07
2.36118E-07